0;1
1;1
2;1
3;1
4;1
5;1
6;2
7;2
8;2
9;2
10;2
11;3
12;3
13;3
14;3
15;3
16;4
17;4
18;4
19;4
20;5
21;5
22;5
23;5
24;5
25;6
26;6
27;6
28;6
29;6
30;7
31;7
32;7
33;7
34;7
35;8
36;8
37;8
38;8
39;9
40;9
41;9
42;9
43;9
44;10
45;10
46;10
47;10
48;10
49;11
50;11
51;11
52;11
53;11
54;12
55;12
56;12
57;12
58;12
59;13
60;13
61;13
62;13
63;14
64;14
65;14
66;14
67;14
68;15
69;15
70;15
71;15
72;15
73;16
74;16
75;16
76;16
77;16
78;17
79;17
80;17
81;17
82;17
83;18
84;18
85;18
86;18
87;19
88;19
89;19
90;19
91;19
92;20
93;20
94;20
95;20
96;20
97;21
98;21
99;21
100;21
101;21
102;22
103;22
104;22
105;22
106;23
107;23
108;23
109;23
110;23
111;24
112;24
113;24
114;24
115;24
116;25
117;25
118;25
119;25
120;25
121;26
122;26
123;26
124;26
125;26
126;27
127;27
128;27
129;27
130;28
131;28
132;28
133;28
134;28
135;29
136;29
137;29
138;29
139;29
140;30
141;30
142;30
143;30
144;30
145;31
146;31
147;31
148;31
149;31
150;32
151;32
152;32
153;32
154;33
155;33
156;33
157;33
158;33
159;34
160;34
161;34
162;34
163;34
164;35
165;35
166;35
167;35
168;35
169;36
170;36
171;36
172;36
173;37
174;37
175;37
176;37
177;37
178;38
179;38
180;38
181;38
182;38
183;39
184;39
185;39
186;39
187;39
188;40
189;40
190;40
191;40
192;40
193;41
194;41
195;41
196;41
197;42
198;42
199;42
200;42
201;42
202;43
203;43
204;43
205;43
206;43
207;44
208;44
209;44
210;44
211;44
212;45
213;45
214;45
215;45
216;46
217;46
218;46
219;46
220;46
221;47
222;47
223;47
224;47
225;47
226;48
227;48
228;48
229;48
230;48
231;49
232;49
233;49
234;49
235;49
236;50
237;50
238;50
239;50
240;51
241;51
242;51
243;51
244;51
245;52
246;52
247;52
248;52
249;52
250;53
251;53
252;53
253;53
254;53
255;54
256;54
257;54
258;54
259;54
260;55
261;55
262;55
263;55
264;56
265;56
266;56
267;56
268;56
269;57
270;57
271;57
272;57
273;57
274;58
275;58
276;58
277;58
278;58
279;59
280;59
281;59
282;59
283;60
284;60
285;60
286;60
287;60
288;61
289;61
290;61
291;61
292;61
293;62
294;62
295;62
296;62
297;62
298;63
299;63
300;63
301;63
302;63
303;64
304;64
305;64
306;64
307;65
308;65
309;65
310;65
311;65
312;66
313;66
314;66
315;66
316;66
317;67
318;67
319;67
320;67
321;67
322;68
323;68
324;68
325;68
326;68
327;69
328;69
329;69
330;69
331;70
332;70
333;70
334;70
335;70
336;71
337;71
338;71
339;71
340;71
341;72
342;72
343;72
344;72
345;72
346;73
347;73
348;73
349;73
350;74
351;74
352;74
353;74
354;74
355;75
356;75
357;75
358;75
359;75
360;76
361;76
362;76
363;76
364;76
365;77
366;77
367;77
368;77
369;77
370;78
371;78
372;78
373;78
374;79
375;79
376;79
377;79
378;79
379;80
380;80
381;80
382;80
383;80
384;81
385;81
386;81
387;81
388;81
389;82
390;82
391;82
392;82
393;82
394;83
395;83
396;83
397;83
398;84
399;84
400;84
401;84
402;84
403;85
404;85
405;85
406;85
407;85
408;86
409;86
410;86
411;86
412;86
413;87
414;87
415;87
416;87
417;88
418;88
419;88
420;88
421;88
422;89
423;89
424;89
425;89
426;89
427;90
428;90
429;90
430;90
431;90
432;91
433;91
434;91
435;91
436;91
437;92
438;92
439;92
440;92
441;93
442;93
443;93
444;93
445;93
446;94
447;94
448;94
449;94
450;94
451;95
452;95
453;95
454;95
455;95
456;96
457;96
458;96
459;96
460;96
461;97
462;97
463;97
464;97
465;98
466;98
467;98
468;98
469;98
470;99
471;99
472;99
473;99
474;99
475;100
476;100
477;100
478;100
479;100
480;101
481;101
482;101
483;101
484;102
485;102
486;102
487;102
488;102
489;103
490;103
491;103
492;103
493;103
494;104
495;104
496;104
497;104
498;104
499;105
500;105
501;105
502;105
503;105
504;106
505;106
506;106
507;106
508;107
509;107
510;107
511;107
512;107
513;108
514;108
515;108
516;108
517;108
518;109
519;109
520;109
521;109
522;109
523;110
524;110
525;110
526;110
527;110
528;111
529;111
530;111
531;111
532;112
533;112
534;112
535;112
536;112
537;113
538;113
539;113
540;113
541;113
542;114
543;114
544;114
545;114
546;114
547;115
548;115
549;115
550;115
551;116
552;116
553;116
554;116
555;116
556;117
557;117
558;117
559;117
560;117
561;118
562;118
563;118
564;118
565;118
566;119
567;119
568;119
569;119
570;119
571;120
572;120
573;120
574;120
575;121
576;121
577;121
578;121
579;121
580;122
581;122
582;122
583;122
584;122
585;123
586;123
587;123
588;123
589;123
590;124
591;124
592;124
593;124
594;124
595;125
596;125
597;125
598;125
599;126
600;126
601;126
602;126
603;126
604;127
605;127
606;127
607;127
608;127
609;128
610;128
611;128
612;128
613;128
614;129
615;129
616;129
617;129
618;130
619;130
620;130
621;130
622;130
623;131
624;131
625;131
626;131
627;131
628;132
629;132
630;132
631;132
632;132
633;133
634;133
635;133
636;133
637;133
638;134
639;134
640;134
641;134
642;135
643;135
644;135
645;135
646;135
647;136
648;136
649;136
650;136
651;136
652;137
653;137
654;137
655;137
656;137
657;138
658;138
659;138
660;138
661;139
662;139
663;139
664;139
665;139
666;140
667;140
668;140
669;140
670;140
671;141
672;141
673;141
674;141
675;141
676;142
677;142
678;142
679;142
680;142
681;143
682;143
683;143
684;143
685;144
686;144
687;144
688;144
689;144
690;145
691;145
692;145
693;145
694;145
695;146
696;146
697;146
698;146
699;146
700;147
701;147
702;147
703;147
704;147
705;148
706;148
707;148
708;148
709;149
710;149
711;149
712;149
713;149
714;150
715;150
716;150
717;150
718;150
719;151
720;151
721;151
722;151
723;151
724;152
725;152
726;152
727;152
728;153
729;153
730;153
731;153
732;153
733;154
734;154
735;154
736;154
737;154
738;155
739;155
740;155
741;155
742;155
743;156
744;156
745;156
746;156
747;156
748;157
749;157
750;157
751;157
752;158
753;158
754;158
755;158
756;158
757;159
758;159
759;159
760;159
761;159
762;160
763;160
764;160
765;160
766;160
767;161
768;161
769;161
770;161
771;161
772;162
773;162
774;162
775;162
776;163
777;163
778;163
779;163
780;163
781;164
782;164
783;164
784;164
785;164
786;165
787;165
788;165
789;165
790;165
791;166
792;166
793;166
794;166
795;167
796;167
797;167
798;167
799;167
800;168
801;168
802;168
803;168
804;168
805;169
806;169
807;169
808;169
809;169
810;170
811;170
812;170
813;170
814;170
815;171
816;171
817;171
818;171
819;172
820;172
821;172
822;172
823;172
824;173
825;173
826;173
827;173
828;173
829;174
830;174
831;174
832;174
833;174
834;175
835;175
836;175
837;175
838;175
839;176
840;176
841;176
842;176
843;177
844;177
845;177
846;177
847;177
848;178
849;178
850;178
851;178
852;178
853;179
854;179
855;179
856;179
857;179
858;180
859;180
860;180
861;180
862;181
863;181
864;181
865;181
866;181
867;182
868;182
869;182
870;182
871;182
872;183
873;183
874;183
875;183
876;183
877;184
878;184
879;184
880;184
881;184
882;185
883;185
884;185
885;185
886;186
887;186
888;186
889;186
890;186
891;187
892;187
893;187
894;187
895;187
896;188
897;188
898;188
899;188
900;188
901;189
902;189
903;189
904;189
905;189
906;190
907;190
908;190
909;190
910;191
911;191
912;191
913;191
914;191
915;192
916;192
917;192
918;192
919;192
920;193
921;193
922;193
923;193
924;193
925;194
926;194
927;194
928;194
929;195
930;195
931;195
932;195
933;195
934;196
935;196
936;196
937;196
938;196
939;197
940;197
941;197
942;197
943;197
944;198
945;198
946;198
947;198
948;198
949;199
950;199
951;199
952;199
953;200
954;200
955;200
956;200
957;200
958;201
959;201
960;201
961;201
962;201
963;202
964;202
965;202
966;202
967;202
968;203
969;203
970;203
971;203
972;203
973;204
974;204
975;204
976;204
977;205
978;205
979;205
980;205
981;205
982;206
983;206
984;206
985;206
986;206
987;207
988;207
989;207
990;207
991;207
992;208
993;208
994;208
995;208
996;209
997;209
998;209
999;209
1000;209
1001;210
1002;210
1003;210
1004;210
1005;210
1006;211
1007;211
1008;211
1009;211
1010;211
1011;212
1012;212
1013;212
1014;212
1015;212
1016;213
1017;213
1018;213
1019;213
1020;214
1021;214
1022;214
1023;214
1024;214
1025;215
1026;215
1027;215
1028;215
1029;215
1030;216
1031;216
1032;216
1033;216
1034;216
1035;217
1036;217
1037;217
1038;217
1039;217
1040;218
1041;218
1042;218
1043;218
1044;219
1045;219
1046;219
1047;219
1048;219
1049;220
1050;220
1051;220
1052;220
1053;220
1054;221
1055;221
1056;221
1057;221
1058;221
1059;222
1060;222
1061;222
1062;222
1063;223
1064;223
1065;223
1066;223
1067;223
1068;224
1069;224
1070;224
1071;224
1072;224
1073;225
1074;225
1075;225
1076;225
1077;225
1078;226
1079;226
1080;226
1081;226
1082;226
1083;227
1084;227
1085;227
1086;227
1087;228
1088;228
1089;228
1090;228
1091;228
1092;229
1093;229
1094;229
1095;229
1096;229
1097;230
1098;230
1099;230
1100;230
1101;230
1102;231
1103;231
1104;231
1105;231
1106;231
1107;232
1108;232
1109;232
1110;232
1111;233
1112;233
1113;233
1114;233
1115;233
1116;234
1117;234
1118;234
1119;234
1120;234
1121;235
1122;235
1123;235
1124;235
1125;235
1126;236
1127;236
1128;236
1129;236
1130;237
1131;237
1132;237
1133;237
1134;237
1135;238
1136;238
1137;238
1138;238
1139;238
1140;239
1141;239
1142;239
1143;239
1144;239
1145;240
1146;240
1147;240
1148;240
1149;240
1150;241
1151;241
1152;241
1153;241
1154;242
1155;242
1156;242
1157;242
1158;242
1159;243
1160;243
1161;243
1162;243
1163;243
1164;244
1165;244
1166;244
1167;244
1168;244
1169;245
1170;245
1171;245
1172;245
1173;246
1174;246
1175;246
1176;246
1177;246
1178;247
1179;247
1180;247
1181;247
1182;247
1183;248
1184;248
1185;248
1186;248
1187;248
1188;249
1189;249
1190;249
1191;249
1192;249
1193;250
1194;250
1195;250
1196;250
1197;251
1198;251
1199;251
1200;251
1201;251
1202;252
1203;252
1204;252
1205;252
1206;252
1207;253
1208;253
1209;253
1210;253
1211;253
1212;254
1213;254
1214;254
1215;254
1216;254
1217;255
1218;255
1219;255
1220;255
1221;256
1222;256
1223;256
1224;256
1225;256
1226;257
1227;257
1228;257
1229;257
1230;257
1231;258
1232;258
1233;258
1234;258
1235;258
1236;259
1237;259
1238;259
1239;259
1240;260
1241;260
1242;260
1243;260
1244;260
1245;261
1246;261
1247;261
1248;261
1249;261
1250;262
1251;262
1252;262
1253;262
1254;262
1255;263
1256;263
1257;263
1258;263
1259;263
1260;264
1261;264
1262;264
1263;264
1264;265
1265;265
1266;265
1267;265
1268;265
1269;266
1270;266
1271;266
1272;266
1273;266
1274;267
1275;267
1276;267
1277;267
1278;267
1279;268
1280;268
1281;268
1282;268
1283;268
1284;269
1285;269
1286;269
1287;269
1288;270
1289;270
1290;270
1291;270
1292;270
1293;271
1294;271
1295;271
1296;271
1297;271
1298;272
1299;272
1300;272
1301;272
1302;272
1303;273
1304;273
1305;273
1306;273
1307;274
1308;274
1309;274
1310;274
1311;274
1312;275
1313;275
1314;275
1315;275
1316;275
1317;276
1318;276
1319;276
1320;276
1321;276
1322;277
1323;277
1324;277
1325;277
1326;277
1327;278
1328;278
1329;278
1330;278
1331;279
1332;279
1333;279
1334;279
1335;279
1336;280
1337;280
1338;280
1339;280
1340;280
1341;281
1342;281
1343;281
1344;281
1345;281
1346;282
1347;282
1348;282
1349;282
1350;282
1351;283
1352;283
1353;283
1354;283
1355;284
1356;284
1357;284
1358;284
1359;284
1360;285
1361;285
1362;285
1363;285
1364;285
1365;286
1366;286
1367;286
1368;286
1369;286
1370;287
1371;287
1372;287
1373;287
1374;288
1375;288
1376;288
1377;288
1378;288
1379;289
1380;289
1381;289
1382;289
1383;289
1384;290
1385;290
1386;290
1387;290
1388;290
1389;291
1390;291
1391;291
1392;291
1393;291
1394;292
1395;292
1396;292
1397;292
1398;293
1399;293
1400;293
1401;293
1402;293
1403;294
1404;294
1405;294
1406;294
1407;294
1408;295
1409;295
1410;295
1411;295
1412;295
1413;296
1414;296
1415;296
1416;296
1417;296
1418;297
1419;297
1420;297
1421;297
1422;298
1423;298
1424;298
1425;298
1426;298
1427;299
1428;299
1429;299
1430;299
1431;299
1432;300
1433;300
1434;300
1435;300
1436;300
1437;301
1438;301
1439;301
1440;301
1441;302
1442;302
1443;302
1444;302
1445;302
1446;303
1447;303
1448;303
1449;303
1450;303
1451;304
1452;304
1453;304
1454;304
1455;304
1456;305
1457;305
1458;305
1459;305
1460;305
1461;306
1462;306
1463;306
1464;306
1465;307
1466;307
1467;307
1468;307
1469;307
1470;308
1471;308
